{
    "w": 1108,
    "h": 1477,
    "fl_x": 1099.6118728153815,
    "fl_y": 1066.6505547414113,
    "cx": 556.088014017475,
    "cy": 693.7195794858328,
    "k1": -0.015934902196427125,
    "k2": -0.12623302650691692,
    "p1": -0.006934926627288303,
    "p2": 0.0017069734655650697,
    "camera_model": "OPENCV",
    "frames": [
        {
            "file_path": "images/frame_00052.jpg",
            "transform_matrix": [
                [
                    -0.9979258772823314,
                    0.03491321189876932,
                    -0.05408337161458048,
                    0.1194750720060905
                ],
                [
                    -0.062049142147519755,
                    -0.2979639208774182,
                    0.952558347721604,
                    4.013371151200692
                ],
                [
                    0.017141977979395085,
                    0.9539384516258201,
                    0.29951224198801396,
                    0.39531245916306074
                ],
                [
                    0.0,
                    0.0,
                    0.0,
                    1.0
                ]
            ],
            "colmap_im_id": 55
        },
        {
            "file_path": "images/frame_00054.jpg",
            "transform_matrix": [
                [
                    -0.7794117863407801,
                    0.1248197965439778,
                    -0.6139521851934343,
                    -2.0748325208189984
                ],
                [
                    -0.6237564877996397,
                    -0.24640636489659315,
                    0.7417625949495591,
                    3.260844443647498
                ],
                [
                    -0.0586950699882971,
                    0.9610951678835801,
                    0.26990918292992905,
                    0.2934055559584868
                ],
                [
                    0.0,
                    0.0,
                    0.0,
                    1.0
                ]
            ],
            "colmap_im_id": 54
        },
        {
            "file_path": "images/frame_00053.jpg",
            "transform_matrix": [
                [
                    -0.9381283312445959,
                    0.08146764731576638,
                    -0.33656835346934116,
                    -0.9566997543523209
                ],
                [
                    -0.3455786889375699,
                    -0.2824197235298901,
                    0.8948823774739844,
                    3.843844682571217
                ],
                [
                    -0.022149579418576593,
                    0.9558253617696773,
                    0.2930994266958668,
                    0.3809378509956194
                ],
                [
                    0.0,
                    0.0,
                    0.0,
                    1.0
                ]
            ],
            "colmap_im_id": 53
        },
        {
            "file_path": "images/frame_00055.jpg",
            "transform_matrix": [
                [
                    -0.5488604497944161,
                    0.14836311034873312,
                    -0.8226424461083448,
                    -2.897937339805685
                ],
                [
                    -0.831249630398218,
                    -0.20068967176704003,
                    0.518408822850136,
                    2.3876732268883116
                ],
                [
                    -0.08818309710084705,
                    0.968355328964367,
                    0.23347740415726573,
                    0.17371548646462484
                ],
                [
                    0.0,
                    0.0,
                    0.0,
                    1.0
                ]
            ],
            "colmap_im_id": 52
        },
        {
            "file_path": "images/frame_00050.jpg",
            "transform_matrix": [
                [
                    -0.3686118526083504,
                    0.1585745196854752,
                    -0.9159581998230928,
                    -3.2593226573123184
                ],
                [
                    -0.9241465305963834,
                    -0.16892598902710595,
                    0.3426619328403464,
                    1.713175596949297
                ],
                [
                    -0.100391693397949,
                    0.9727888424204582,
                    0.2088142139772992,
                    0.07036733249967185
                ],
                [
                    0.0,
                    0.0,
                    0.0,
                    1.0
                ]
            ],
            "colmap_im_id": 51
        },
        {
            "file_path": "images/frame_00047.jpg",
            "transform_matrix": [
                [
                    0.3717599519998511,
                    0.12905511085098206,
                    -0.9193145905794756,
                    -3.267294959271917
                ],
                [
                    -0.9230863163854718,
                    -0.053705933871109356,
                    -0.3808245333075757,
                    -0.9693468939407908
                ],
                [
                    -0.09852000096918997,
                    0.9901820292402164,
                    0.09916329148812095,
                    -0.3129755346978233
                ],
                [
                    0.0,
                    0.0,
                    0.0,
                    1.0
                ]
            ],
            "colmap_im_id": 50
        },
        {
            "file_path": "images/frame_00049.jpg",
            "transform_matrix": [
                [
                    -0.10430510348191832,
                    0.15749903818256827,
                    -0.981995162085431,
                    -3.502639257632954
                ],
                [
                    -0.9884946491743778,
                    -0.12516739438856575,
                    0.08492026810839207,
                    0.7593774027810514
                ],
                [
                    -0.10953891519113318,
                    0.9795545805893325,
                    0.16874255451784112,
                    -0.0748481246092359
                ],
                [
                    0.0,
                    0.0,
                    0.0,
                    1.0
                ]
            ],
            "colmap_im_id": 49
        },
        {
            "file_path": "images/frame_00046.jpg",
            "transform_matrix": [
                [
                    0.543737886317128,
                    0.10488107536506247,
                    -0.8326758499041809,
                    -2.9455971586540497
                ],
                [
                    -0.8351654894335422,
                    -0.030208084852916785,
                    -0.5491685323001955,
                    -1.615977244876836
                ],
                [
                    -0.08275092895317764,
                    0.9940258707095039,
                    0.0711677744319652,
                    -0.4070505480378194
                ],
                [
                    0.0,
                    0.0,
                    0.0,
                    1.0
                ]
            ],
            "colmap_im_id": 48
        },
        {
            "file_path": "images/frame_00051.jpg",
            "transform_matrix": [
                [
                    -0.9677601150422176,
                    -0.02481295978429901,
                    0.2506485123838081,
                    1.2349567827991599
                ],
                [
                    0.24627525429103564,
                    -0.3018656506668775,
                    0.9209916547240523,
                    3.853102766757802
                ],
                [
                    0.05280964738908022,
                    0.9530275158536637,
                    0.2982443547972627,
                    0.38122455695237456
                ],
                [
                    0.0,
                    0.0,
                    0.0,
                    1.0
                ]
            ],
            "colmap_im_id": 47
        },
        {
            "file_path": "images/frame_00043.jpg",
            "transform_matrix": [
                [
                    0.9801865056777422,
                    -0.009194894934082124,
                    -0.19786325579654407,
                    -0.5453097550032209
                ],
                [
                    -0.1977541969763008,
                    0.011560457094347436,
                    -0.9801834692597239,
                    -3.1719451263578926
                ],
                [
                    0.011300073695151118,
                    0.9998908989179373,
                    0.00951307497937501,
                    -0.6382728581590114
                ],
                [
                    0.0,
                    0.0,
                    0.0,
                    1.0
                ]
            ],
            "colmap_im_id": 46
        },
        {
            "file_path": "images/frame_00045.jpg",
            "transform_matrix": [
                [
                    0.7397864910826625,
                    0.07009740938897333,
                    -0.669180320099565,
                    -2.319301224729936
                ],
                [
                    -0.6708349832253381,
                    8.681373941794873e-05,
                    -0.741606646238041,
                    -2.3369252482757448
                ],
                [
                    -0.051926610640998724,
                    0.99754014739274,
                    0.047088018083253365,
                    -0.5035604514604817
                ],
                [
                    0.0,
                    0.0,
                    0.0,
                    1.0
                ]
            ],
            "colmap_im_id": 45
        },
        {
            "file_path": "images/frame_00048.jpg",
            "transform_matrix": [
                [
                    0.14830678031504935,
                    0.14757660605985073,
                    -0.977868214155895,
                    -3.48509580369601
                ],
                [
                    -0.9829047805992626,
                    -0.08709067449473365,
                    -0.16221407673555313,
                    -0.15347196903177757
                ],
                [
                    -0.10910220523756264,
                    0.985208789932321,
                    0.13213761407106148,
                    -0.20320351094767566
                ],
                [
                    0.0,
                    0.0,
                    0.0,
                    1.0
                ]
            ],
            "colmap_im_id": 44
        },
        {
            "file_path": "images/frame_00042.jpg",
            "transform_matrix": [
                [
                    0.9989216787345742,
                    -0.04303759681168201,
                    0.01741393162887871,
                    0.2567355887408349
                ],
                [
                    0.017736404881171914,
                    0.007122347582640826,
                    -0.9998173293691219,
                    -3.243728875306272
                ],
                [
                    0.04290570703287973,
                    0.9990480656232649,
                    0.007877999645947337,
                    -0.6388118992250766
                ],
                [
                    0.0,
                    0.0,
                    0.0,
                    1.0
                ]
            ],
            "colmap_im_id": 43
        },
        {
            "file_path": "images/frame_00044.jpg",
            "transform_matrix": [
                [
                    0.9075547342109661,
                    0.02658013834882365,
                    -0.41909175684642147,
                    -1.3614870190039763
                ],
                [
                    -0.4194581830586462,
                    0.009893835940415483,
                    -0.9077207415695222,
                    -2.929078786895632
                ],
                [
                    -0.019980917806795718,
                    0.9995977232145645,
                    0.020128454184475692,
                    -0.6067414208411727
                ],
                [
                    0.0,
                    0.0,
                    0.0,
                    1.0
                ]
            ],
            "colmap_im_id": 42
        },
        {
            "file_path": "images/frame_00038.jpg",
            "transform_matrix": [
                [
                    0.35670584430459973,
                    -0.1312004523543463,
                    0.9249580433408626,
                    3.666105882930195
                ],
                [
                    0.9198997683636424,
                    -0.12334395200900002,
                    -0.37225083702702166,
                    -0.8782850169937407
                ],
                [
                    0.16292745871540323,
                    0.9836527389301655,
                    0.07669375718873198,
                    -0.29694424142904724
                ],
                [
                    0.0,
                    0.0,
                    0.0,
                    1.0
                ]
            ],
            "colmap_im_id": 41
        },
        {
            "file_path": "images/frame_00041.jpg",
            "transform_matrix": [
                [
                    0.970045111477348,
                    -0.07287285891073439,
                    0.23173698050392286,
                    1.0561562160162243
                ],
                [
                    0.23187407044702343,
                    -0.006690244825694051,
                    -0.9727228053656916,
                    -3.137118245342023
                ],
                [
                    0.07243546888940613,
                    0.9973187991100683,
                    0.010407487132992494,
                    -0.619963605710157
                ],
                [
                    0.0,
                    0.0,
                    0.0,
                    1.0
                ]
            ],
            "colmap_im_id": 40
        },
        {
            "file_path": "images/frame_00040.jpg",
            "transform_matrix": [
                [
                    0.9069902267993071,
                    -0.0930448489763711,
                    0.4107449142344987,
                    1.7303273577967007
                ],
                [
                    0.41033962033218474,
                    -0.02433587640053889,
                    -0.911608008469351,
                    -2.919374933612272
                ],
                [
                    0.09481626693864187,
                    0.9953644665140414,
                    0.01610758594694492,
                    -0.5807951362774245
                ],
                [
                    0.0,
                    0.0,
                    0.0,
                    1.0
                ]
            ],
            "colmap_im_id": 39
        },
        {
            "file_path": "images/frame_00032.jpg",
            "transform_matrix": [
                [
                    -0.5513593407835778,
                    -0.08026426090927341,
                    0.8303978117453021,
                    3.2789990031481007
                ],
                [
                    0.8211720431004556,
                    -0.22788346115251962,
                    0.5232070371883115,
                    2.4539787187992523
                ],
                [
                    0.14723910133154738,
                    0.970374554774514,
                    0.19155644203534936,
                    0.1587718862130995
                ],
                [
                    0.0,
                    0.0,
                    0.0,
                    1.0
                ]
            ],
            "colmap_im_id": 38
        },
        {
            "file_path": "images/frame_00039.jpg",
            "transform_matrix": [
                [
                    0.5810523540932071,
                    -0.12777233245689135,
                    0.8037738443500558,
                    3.23639538608541
                ],
                [
                    0.8009601985973527,
                    -0.0854053972434853,
                    -0.5925948686789075,
                    -1.7225197872690865
                ],
                [
                    0.1443638530437291,
                    0.9881195014674126,
                    0.05271554565932602,
                    -0.41104225237778724
                ],
                [
                    0.0,
                    0.0,
                    0.0,
                    1.0
                ]
            ],
            "colmap_im_id": 37
        },
        {
            "file_path": "images/frame_00035.jpg",
            "transform_matrix": [
                [
                    -0.07100544058275153,
                    -0.12208219961008583,
                    0.9899768502071207,
                    3.8773805036244946
                ],
                [
                    0.9825462304759571,
                    -0.17963306762411319,
                    0.0483204510889319,
                    0.6839902379629393
                ],
                [
                    0.17193351152447398,
                    0.9761290373481951,
                    0.13270633014498456,
                    -0.08706366013543343
                ],
                [
                    0.0,
                    0.0,
                    0.0,
                    1.0
                ]
            ],
            "colmap_im_id": 36
        },
        {
            "file_path": "images/frame_00036.jpg",
            "transform_matrix": [
                [
                    0.03686138138794858,
                    -0.1250190338478506,
                    0.9914693539075837,
                    3.8892999367943872
                ],
                [
                    0.9844972599612151,
                    -0.1657082624451842,
                    -0.05749710328579387,
                    0.28686557279193725
                ],
                [
                    0.17148289620551516,
                    0.9782182849104528,
                    0.11697266080508117,
                    -0.14726900067960547
                ],
                [
                    0.0,
                    0.0,
                    0.0,
                    1.0
                ]
            ],
            "colmap_im_id": 35
        },
        {
            "file_path": "images/frame_00027.jpg",
            "transform_matrix": [
                [
                    -0.9879523301399986,
                    0.013364945526143184,
                    0.15418032170815407,
                    0.7506946947178216
                ],
                [
                    0.145661942004676,
                    -0.256224988291021,
                    0.9555790673862066,
                    4.064260047157586
                ],
                [
                    0.052276113305917,
                    0.9665247713361254,
                    0.25119131030208336,
                    0.37586390598238484
                ],
                [
                    0.0,
                    0.0,
                    0.0,
                    1.0
                ]
            ],
            "colmap_im_id": 34
        },
        {
            "file_path": "images/frame_00034.jpg",
            "transform_matrix": [
                [
                    -0.2503351686679793,
                    -0.10841100964211545,
                    0.9620703489435434,
                    3.7652991651865637
                ],
                [
                    0.954053727916689,
                    -0.19663165219559875,
                    0.2260917459862189,
                    1.3462011882922422
                ],
                [
                    0.1646626477870504,
                    0.9744655182935958,
                    0.15265374571412108,
                    -0.006126630785745745
                ],
                [
                    0.0,
                    0.0,
                    0.0,
                    1.0
                ]
            ],
            "colmap_im_id": 33
        },
        {
            "file_path": "images/frame_00037.jpg",
            "transform_matrix": [
                [
                    0.12669388196032957,
                    -0.12810390145887446,
                    0.983635120715419,
                    3.866171388693459
                ],
                [
                    0.9771632613285596,
                    -0.1544166251147654,
                    -0.14597077309481876,
                    -0.047292078959689184
                ],
                [
                    0.1705890412176443,
                    0.9796657064117235,
                    0.10561478446346367,
                    -0.1869240172982907
                ],
                [
                    0.0,
                    0.0,
                    0.0,
                    1.0
                ]
            ],
            "colmap_im_id": 32
        },
        {
            "file_path": "images/frame_00031.jpg",
            "transform_matrix": [
                [
                    -0.7225973543851505,
                    -0.059808132066885254,
                    0.6886770293644553,
                    2.7558244010312194
                ],
                [
                    0.6800472586196921,
                    -0.24028557202533965,
                    0.6926749381349787,
                    3.078757377237934
                ],
                [
                    0.12405155976215144,
                    0.968858003638885,
                    0.21430207489768283,
                    0.2399517335142179
                ],
                [
                    0.0,
                    0.0,
                    0.0,
                    1.0
                ]
            ],
            "colmap_im_id": 31
        },
        {
            "file_path": "images/frame_00026.jpg",
            "transform_matrix": [
                [
                    -0.9973341650456962,
                    0.040004819744933064,
                    -0.06102604058743183,
                    -0.06149695607483643
                ],
                [
                    -0.06913835220720119,
                    -0.2506391148520614,
                    0.9656085761633686,
                    4.100796193705811
                ],
                [
                    0.023333484237817143,
                    0.9672536629568019,
                    0.2527368196562839,
                    0.37941164524553606
                ],
                [
                    0.0,
                    0.0,
                    0.0,
                    1.0
                ]
            ],
            "colmap_im_id": 30
        },
        {
            "file_path": "images/frame_00004.jpg",
            "transform_matrix": [
                [
                    0.7186078044843355,
                    -0.10503121611095431,
                    0.6874381913862925,
                    2.886650919327014
                ],
                [
                    0.6826763582147468,
                    -0.08179971855787432,
                    -0.7261279473884086,
                    -2.2444801136868886
                ],
                [
                    0.1324983519476885,
                    0.9910990110408275,
                    0.012920411953181707,
                    -0.4726131560675189
                ],
                [
                    0.0,
                    0.0,
                    0.0,
                    1.0
                ]
            ],
            "colmap_im_id": 13
        },
        {
            "file_path": "images/frame_00008.jpg",
            "transform_matrix": [
                [
                    0.9914610608017286,
                    -0.052261833521529015,
                    0.11947244732941176,
                    0.7457669790199357
                ],
                [
                    0.11794436790333736,
                    -0.031417094489762695,
                    -0.9925230940656765,
                    -3.306082337829555
                ],
                [
                    0.0556245538750046,
                    0.9981391019947016,
                    -0.024984836909962078,
                    -0.6248542492594676
                ],
                [
                    0.0,
                    0.0,
                    0.0,
                    1.0
                ]
            ],
            "colmap_im_id": 12
        },
        {
            "file_path": "images/frame_00019.jpg",
            "transform_matrix": [
                [
                    -0.19642448632450896,
                    0.10898272519960173,
                    -0.9744435267270342,
                    -3.547191719604319
                ],
                [
                    -0.9758306908463144,
                    -0.11879532765687842,
                    0.18341791877921584,
                    1.080370434744467
                ],
                [
                    -0.09576995340166405,
                    0.9869196703556795,
                    0.12968299923459553,
                    -0.06846242831326448
                ],
                [
                    0.0,
                    0.0,
                    0.0,
                    1.0
                ]
            ],
            "colmap_im_id": 11
        },
        {
            "file_path": "images/frame_00002.jpg",
            "transform_matrix": [
                [
                    0.45038295952359353,
                    -0.11266463818902649,
                    0.8856985204190557,
                    3.613033923625287
                ],
                [
                    0.8788500629232323,
                    -0.11895119603730334,
                    -0.46203157885703555,
                    -1.2448102177757439
                ],
                [
                    0.15740951899614922,
                    0.9864873502802917,
                    0.04544173265149738,
                    -0.3402697342671597
                ],
                [
                    0.0,
                    0.0,
                    0.0,
                    1.0
                ]
            ],
            "colmap_im_id": 10
        },
        {
            "file_path": "images/frame_00012.jpg",
            "transform_matrix": [
                [
                    0.8823627039602404,
                    0.016070649862694086,
                    -0.4702954314821313,
                    -1.5229272178708617
                ],
                [
                    -0.4700388846967363,
                    -0.017367118260315242,
                    -0.8824748325455973,
                    -2.948402792810765
                ],
                [
                    -0.02234962042231605,
                    0.9997200195136251,
                    -0.007770267090356532,
                    -0.5841051073440464
                ],
                [
                    0.0,
                    0.0,
                    0.0,
                    1.0
                ]
            ],
            "colmap_im_id": 9
        },
        {
            "file_path": "images/frame_00018.jpg",
            "transform_matrix": [
                [
                    0.15107539637715206,
                    -0.11232838650744749,
                    0.9821194215542831,
                    3.9581421925037676
                ],
                [
                    0.974333504941894,
                    -0.15080805174580758,
                    -0.16712615796540642,
                    -0.12691209620579896
                ],
                [
                    0.16688452821376384,
                    0.9821605088341048,
                    0.08666192433590517,
                    -0.19356875309641525
                ],
                [
                    0.0,
                    0.0,
                    0.0,
                    1.0
                ]
            ],
            "colmap_im_id": 8
        },
        {
            "file_path": "images/frame_00009.jpg",
            "transform_matrix": [
                [
                    0.999172141318964,
                    -0.038780935850676275,
                    -0.012291095419930552,
                    0.24194459051422962
                ],
                [
                    -0.013245127798346204,
                    -0.02444028803231585,
                    -0.9996135447814335,
                    -3.3502452956029125
                ],
                [
                    0.038465550843340114,
                    0.9989488031603238,
                    -0.02493371337918295,
                    -0.6318254350767774
                ],
                [
                    0.0,
                    0.0,
                    0.0,
                    1.0
                ]
            ],
            "colmap_im_id": 7
        },
        {
            "file_path": "images/frame_00015.jpg",
            "transform_matrix": [
                [
                    0.38465331704809963,
                    0.08452660004219835,
                    -0.9191828325035233,
                    -3.3024149058670456
                ],
                [
                    -0.9190296196301874,
                    -0.05789753306736922,
                    -0.3899133671818729,
                    -1.1110769881049378
                ],
                [
                    -0.08617646967871985,
                    0.9947377189742123,
                    0.05541197094214892,
                    -0.3457636355179309
                ],
                [
                    0.0,
                    0.0,
                    0.0,
                    1.0
                ]
            ],
            "colmap_im_id": 6
        },
        {
            "file_path": "images/frame_00016.jpg",
            "transform_matrix": [
                [
                    0.1734610889297553,
                    0.096157515869397,
                    -0.9801351859662678,
                    -3.5516773780302127
                ],
                [
                    -0.9802007010989848,
                    -0.07963736829046206,
                    -0.18128561756749523,
                    -0.3079513963857154
                ],
                [
                    -0.09548736142737604,
                    0.9921751970864803,
                    0.08043967984795619,
                    -0.24947382532215343
                ],
                [
                    0.0,
                    0.0,
                    0.0,
                    1.0
                ]
            ],
            "colmap_im_id": 5
        },
        {
            "file_path": "images/frame_00017.jpg",
            "transform_matrix": [
                [
                    -0.022116413529235896,
                    0.1050065868066316,
                    -0.9942255684601081,
                    -3.610737736115897
                ],
                [
                    -0.9949422568827267,
                    -0.0997771462075928,
                    0.011594247011991368,
                    0.42718371662368304
                ],
                [
                    -0.09798351760224905,
                    0.9894534540956893,
                    0.10668220309123615,
                    -0.1521264812602804
                ],
                [
                    0.0,
                    0.0,
                    0.0,
                    1.0
                ]
            ],
            "colmap_im_id": 4
        },
        {
            "file_path": "images/frame_00014.jpg",
            "transform_matrix": [
                [
                    0.6072118600817471,
                    0.06235771492233421,
                    -0.7920891820784639,
                    -2.784771195029511
                ],
                [
                    -0.7917154812635505,
                    -0.036498149532546646,
                    -0.6097987223734765,
                    -1.94017095022575
                ],
                [
                    -0.06693544430038122,
                    0.9973862844807746,
                    0.027207459013031725,
                    -0.45452037198428236
                ],
                [
                    0.0,
                    0.0,
                    0.0,
                    1.0
                ]
            ],
            "colmap_im_id": 3
        },
        {
            "file_path": "images/frame_00003.jpg",
            "transform_matrix": [
                [
                    0.5841599998140188,
                    -0.1112757663953507,
                    0.8039743767250378,
                    3.314431160117311
                ],
                [
                    0.7981302917076016,
                    -0.10121359174873705,
                    -0.5939224244832474,
                    -1.7471268777747442
                ],
                [
                    0.14746230730605148,
                    0.9886220271966671,
                    0.029687628155989812,
                    -0.3997714748074584
                ],
                [
                    0.0,
                    0.0,
                    0.0,
                    1.0
                ]
            ],
            "colmap_im_id": 2
        },
        {
            "file_path": "images/frame_00001.jpg",
            "transform_matrix": [
                [
                    0.3482104004117229,
                    -0.1144133426000215,
                    0.9304080309628658,
                    3.7769678363883177
                ],
                [
                    0.9229843264662306,
                    -0.1316452481400806,
                    -0.36162060469477497,
                    -0.8585479886746936
                ],
                [
                    0.16385801824380053,
                    0.9846720853549301,
                    0.0597614773912729,
                    -0.28972422519362767
                ],
                [
                    0.0,
                    0.0,
                    0.0,
                    1.0
                ]
            ],
            "colmap_im_id": 1
        },
        {
            "file_path": "images/frame_00013.jpg",
            "transform_matrix": [
                [
                    0.7883503651128589,
                    0.03450212941940306,
                    -0.6142583372588024,
                    -2.0795639101078525
                ],
                [
                    -0.6138247340924949,
                    -0.023251091555108197,
                    -0.7890998558850294,
                    -2.609386480611259
                ],
                [
                    -0.04150780219067053,
                    0.9991341200294499,
                    0.00284825389974787,
                    -0.5424998528290703
                ],
                [
                    0.0,
                    0.0,
                    0.0,
                    1.0
                ]
            ],
            "colmap_im_id": 14
        },
        {
            "file_path": "images/frame_00006.jpg",
            "transform_matrix": [
                [
                    0.8946841050842242,
                    -0.08198601779826159,
                    0.4391111988952499,
                    1.9593159151139634
                ],
                [
                    0.43609904451508974,
                    -0.052568717293048066,
                    -0.8983619278081576,
                    -2.912562600800748
                ],
                [
                    0.096736629477496,
                    0.995246111696874,
                    -0.01127837176133727,
                    -0.5733455156905046
                ],
                [
                    0.0,
                    0.0,
                    0.0,
                    1.0
                ]
            ],
            "colmap_im_id": 15
        },
        {
            "file_path": "images/frame_00005.jpg",
            "transform_matrix": [
                [
                    0.8114146831238113,
                    -0.09540528929474622,
                    0.5766316352626437,
                    2.477752384064543
                ],
                [
                    0.5727118653939025,
                    -0.06712073709382589,
                    -0.8170042385991749,
                    -2.5912366902728947
                ],
                [
                    0.11665046612903499,
                    0.9931730148501655,
                    0.00017698958041568517,
                    -0.5210877853517325
                ],
                [
                    0.0,
                    0.0,
                    0.0,
                    1.0
                ]
            ],
            "colmap_im_id": 16
        },
        {
            "file_path": "images/frame_00020.jpg",
            "transform_matrix": [
                [
                    -0.36416999871696826,
                    0.11222845292622928,
                    -0.9245458270893163,
                    -3.363137567441483
                ],
                [
                    -0.9270530109843161,
                    -0.13873860124677856,
                    0.3483164012058588,
                    1.7121380125263754
                ],
                [
                    -0.08917918400275245,
                    0.9839493761763726,
                    0.15456616144140575,
                    0.018714951460845623
                ],
                [
                    0.0,
                    0.0,
                    0.0,
                    1.0
                ]
            ],
            "colmap_im_id": 17
        },
        {
            "file_path": "images/frame_00007.jpg",
            "transform_matrix": [
                [
                    0.9662188328058635,
                    -0.062219649973874615,
                    0.25009974467880514,
                    1.2432378368615289
                ],
                [
                    0.24813416485487486,
                    -0.03765720696065992,
                    -0.9679934767319951,
                    -3.194184627930055
                ],
                [
                    0.06964627314543664,
                    0.9973518185279707,
                    -0.020946281672427645,
                    -0.6142562435634779
                ],
                [
                    0.0,
                    0.0,
                    0.0,
                    1.0
                ]
            ],
            "colmap_im_id": 18
        },
        {
            "file_path": "images/frame_00011.jpg",
            "transform_matrix": [
                [
                    0.936943769242356,
                    0.0018912770357002442,
                    -0.34947502965033256,
                    -1.0651623990894652
                ],
                [
                    -0.34938505485020693,
                    -0.01825695119378835,
                    -0.9368013488357205,
                    -3.1451744179852454
                ],
                [
                    -0.008152099437839868,
                    0.9998315392126224,
                    -0.016444952735526725,
                    -0.608835710895578
                ],
                [
