{"default_fov": 75.0, "default_transition_sec": 2.0, "keyframes": [{"matrix": [0.8086778843002991, -0.0745281030282956, -0.583511474867972, -0.5967325022465718, -0.5882517143566961, -0.1024548287865956, -0.8021614105744038, -0.8203365423893525, 1.6653345369377348e-16, 0.9919418178085412, -0.12669423855364087, -0.1295648384797306, 0.0, 0.0, 0.0, 1.0], "fov": 75.0, "aspect": 1.7777777777777777, "override_transition_enabled": false, "override_transition_sec": null}, {"matrix": [0.9925882498755847, -0.007816503454814598, -0.12127435212222173, -0.1240221498927675, -0.12152598984959453, -0.06384288244813158, -0.990532947534705, -1.0129761449400765, 4.0245584642661925e-16, 0.9979293505225985, -0.06431960327571273, -0.06577693748851672, 0.0, 0.0, 0.0, 1.0], "fov": 75.0, "aspect": 1.7777777777777777, "override_transition_enabled": false, "override_transition_sec": null}, {"matrix": [0.9409530290392204, -0.0032845771244871813, 0.3385212086340078, 0.34619132029479316, 0.3385371429280931, 0.0091293757833095, -0.9409087401846639, -0.962227567235254, 5.551115123125783e-16, 0.9999529319177582, 0.009702265151993229, 0.009922096155724638, 0.0, 0.0, 0.0, 1.0], "fov": 75.0, "aspect": 1.7777777777777777, "override_transition_enabled": false, "override_transition_sec": null}, {"matrix": [0.6876496842992829, -0.01118049616608302, 0.7259565470388547, 0.7424050519911285, 0.7260426376481595, 0.01058927432116119, -0.6875681461398968, -0.7031468582583271, 5.551115123125783e-16, 0.9998814248573835, 0.01539922807054303, 0.01574813914547255, 0.0, 0.0, 0.0, 1.0], "fov": 75.0, "aspect": 1.7777777777777777, "override_transition_enabled": false, "override_transition_sec": null}, {"matrix": [0.0004889050852182608, -0.015399226330788829, 0.999881305355906, 1.0225363150392233, 0.9999998804859015, 7.528760961439396e-06, -0.0004888471132272199, -0.0004999232639907563, 0.0, 0.999881424855833, 0.015399228171213863, 0.01574813924842401, 0.0, 0.0, 0.0, 1.0], "fov": 75.0, "aspect": 1.7777777777777777, "override_transition_enabled": false, "override_transition_sec": null}, {"matrix": [-0.5860920673570159, 0.029062854378826275, 0.8097230631991008, 0.828069524663395, 0.810244462234195, 0.021022677969576353, 0.5857149122481073, 0.5989858644476996, -5.551115123125783e-17, 0.9993564917017066, -0.03586924160973293, -0.03668195609059065, 0.0, 0.0, 0.0, 1.0], "fov": 75.0, "aspect": 1.7777777777777777, "override_transition_enabled": false, "override_transition_sec": null}, {"matrix": [-0.8605973460529802, 0.018267701813725667, 0.5089582488151773, 0.5204900716360946, 0.5092859785685908, 0.030868974134269034, 0.8600435445193055, 0.8795301523044406, -2.220446049250313e-16, 0.9993564917017064, -0.035869241609732594, -0.03668195609059076, 0.0, 0.0, 0.0, 1.0], "fov": 75.0, "aspect": 1.7777777777777777, "override_transition_enabled": false, "override_transition_sec": null}, {"matrix": [-0.9948683790416207, -0.000981516455666763, 0.10117284719007158, 0.10346519111179757, 0.10117760811117407, -0.009651144195644612, 0.9948215654239793, 1.0173619330427444, -5.065392549852277e-16, 0.9999529449134906, 0.00970092566912395, 0.009920726323255514, 0.0, 0.0, 0.0, 1.0], "fov": 75.0, "aspect": 1.7777777777777777, "override_transition_enabled": false, "override_transition_sec": null}, {"matrix": [-0.9821519449240567, 0.006110337707638205, -0.18798994881373732, -0.19224936849478153, -0.18808922638442893, -0.03190655934452258, 0.9816335438384843, 1.0038751012333533, -4.3021142204224816e-16, 0.9994721783240857, 0.03248637800843479, 0.033222444583951995, 0.0, 0.0, 0.0, 1.0], "fov": 75.0, "aspect": 1.7777777777777777, "override_transition_enabled": false, "override_transition_sec": null}, {"matrix": [-0.5029136409858083, 0.05758834678267516, -0.8624160550599902, -0.8819564184749034, -0.8643366645644495, -0.03350773644830096, 0.5017961357839592, 0.5131656816033903, -5.551115123125783e-16, 0.9977779381771025, 0.06662721731432619, 0.06813683675149616, 0.0, 0.0, 0.0, 1.0], "fov": 75.0, "aspect": 1.7777777777777777, "override_transition_enabled": false, "override_transition_sec": null}, {"matrix": [0.11091621476271146, -0.14834320708835091, -0.9826962329293093, -1.004961868413761, -0.993829760725001, -0.01655582038919673, -0.10967365913713584, -0.11215861189747592, -2.220446049250313e-16, 0.9887973491681619, -0.14926420293565623, -0.1526461863218505, 0.0, 0.0, 0.0, 1.0], "fov": 75.0, "aspect": 1.7777777777777777, "override_transition_enabled": false, "override_transition_sec": null}, {"matrix": [0.8623146486687502, -0.052691770648864544, -0.5036238914082387, -0.515034849964507, -0.5063728336821496, -0.08973010136505574, -0.8576334078251189, -0.8770654074584137, 1.6653345369377348e-16, 0.9945713077577214, -0.10405726204881484, -0.10641496017429009, 0.0, 0.0, 0.0, 1.0], "fov": 75.0, "aspect": 1.7777777777777777, "override_transition_enabled": false, "override_transition_sec": null}, {"matrix": [0.5079075398636599, 0.24539458148684856, -0.8257187356034374, -0.5836767436340873, -0.861411592068301, 0.14469013341182807, -0.48686223343326057, -0.3441488617804852, 1.1102230246251565e-16, 0.9585646898723956, 0.28487494682726683, 0.20136987831038944, 0.0, 0.0, 0.0, 1.0], "fov": 75.0, "aspect": 1.7777777777777777, "override_transition_enabled": false, "override_transition_sec": null}, {"matrix": [-0.07679302810343569, 0.19027845148447292, -0.978722096274206, -0.6918304033238324, -0.9970470554766737, -0.014655334863147296, 0.07538163121970803, 0.05328509954814377, -1.6653345369377348e-16, 0.9816207679448925, 0.19084199731526558, 0.13490070008264649, 0.0, 0.0, 0.0, 1.0], "fov": 75.0, "aspect": 1.7777777777777777, "override_transition_enabled": false, "override_transition_sec": null}, {"matrix": [-0.7524127554368495, 0.1072382214902396, -0.649903846201527, -0.4593982722480012, -0.6586919199868233, -0.1224964255235329, 0.7423742858410641, 0.5247629572744132, -4.996003610813204e-16, 0.9866582942364434, 0.16280482306870425, 0.1150820307781533, 0.0, 0.0, 0.0, 1.0], "fov": 75.0, "aspect": 1.7777777777777777, "override_transition_enabled": false, "override_transition_sec": null}, {"matrix": [-0.9704311498410515, -0.040653955090321534, 0.23792990428630287, 0.16818578253399968, 0.2413780922498459, -0.16344426296588221, 0.9565681311257263, 0.6761704047376751, -4.163336342344337e-16, 0.9857145777754602, 0.16842437816701672, 0.11905433209327221, 0.0, 0.0, 0.0, 1.0], "fov": 75.0, "aspect": 1.7777777777777777, "override_transition_enabled": false, "override_transition_sec": null}, {"matrix": [0.011882865233982631, -0.10634949490270379, 0.9942578048211493, 0.7028121473253922, 0.9999293962644717, 0.0012638259464634594, -0.011815465718541751, -0.00835201171469974, 4.440892098500626e-16, 0.994328008092861, 0.10635700410449317, 0.07518069667174553, 0.0, 0.0, 0.0, 1.0], "fov": 75.0, "aspect": 1.7777777777777777, "override_transition_enabled": false, "override_transition_sec": null}, {"matrix": [0.8243476380803738, 0.010633079102690013, 0.5659840185200506, 0.40007776803872847, 0.5660838909484256, -0.015484195512328283, -0.8242022009786357, -0.5826047488803052, 5.551115123125783e-16, 0.9998235730958399, -0.018783574789375715, -0.013277566912882168, 0.0, 0.0, 0.0, 1.0], "fov": 75.0, "aspect": 1.7777777777777777, "override_transition_enabled": false, "override_transition_sec": null}, {"matrix": [0.9893677587229833, 0.006872426640905621, 0.14527287341938994, 0.13969573445679706, 0.14543533958244373, -0.04675175485011345, -0.9882625336513441, -0.9503223638731539, 5.134781488891349e-16, 0.9988828976263936, -0.04725417261469865, -0.04544004805702131, 0.0, 0.0, 0.0, 1.0], "fov": 75.0, "aspect": 1.7777777777777777, "override_transition_enabled": false, "override_transition_sec": null}, {"matrix": [0.801922475738288, 0.043200542911264406, -0.5958641254497092, -0.5729884367389698, -0.5974281068930176, 0.05798770751648444, -0.7998231572486558, -0.7691173221641011, 1.1102230246251565e-16, 0.9973821428465395, 0.07231086454223416, 0.06953479403048105, 0.0, 0.0, 0.0, 1.0], "fov": 75.0, "aspect": 1.7777777777777777, "override_transition_enabled": false, "override_transition_sec": null}, {"matrix": [0.14939717283051535, 0.13312456061093214, -0.9797746353689688, -0.5414267985916291, -0.9887772675128861, 0.02011416892664164, -0.14803693950545393, -0.08180571667846546, -3.3306690738754696e-16, 0.9908951869751599, 0.13463553925120658, 0.07440005728050628, 0.0, 0.0, 0.0, 1.0], "fov": 75.0, "aspect": 1.7777777777777777, "override_transition_enabled": false, "override_transition_sec": null}], "camera_type": "perspective", "render_height": 1080.0, "render_width": 1920.0, "fps": 60.0, "seconds": 40.0, "is_cycle": false, "smoothness_value": 0.0, "camera_path": [{"camera_to_world": [0.8086778843002991, -0.0745281030282956, -0.583511474867972, -0.5967325022465718, -0.5882517143566961, -0.1024548287865956, -0.8021614105744038, -0.8203365423893525, 1.6653345369377348e-16, 0.9919418178085412, -0.12669423855364087, -0.1295648384797306, 0.0, 0.0, 0.0, 1.0], "fov": 75.0, "aspect": 1.7777777777777777}, {"camera_to_world": [0.8123693506017313, -0.07359592781127539, -0.578480490260924, -0.5927880478336826, -0.5831432076135268, -0.10219559819878996, -0.8059156650189887, -0.8224488959070639, 0.00019395135616911974, 0.992038154063839, -0.12593753715426717, -0.1290580857745768, 0.0, 0.0, 0.0, 1.0], "fov": 75.0, "aspect": 1.7777777777777777}, {"camera_to_world": [0.8159900177694803, -0.07267360828112274, -0.5734795877448169, -0.5888435955882256, -0.5780658677561583, -0.10193507761395099, -0.8095981055358009, -0.8245610381503132, 0.0003787293000633851, 0.9921329480524473, -0.1251881382275396, -0.12855132272989817, 0.0, 0.0, 0.0, 1.0], "fov": 75.0, "aspect": 1.7777777777777777}, {"camera_to_world": [0.8195412207331484, -0.07176103465735734, -0.5685090513124011, -0.5848991476776336, -0.5730199647257201, -0.10167336786527448, -0.8132100874267774, -0.8266727578446386, 0.0005545673587215583, 0.9922262242915363, -0.1244460215643976, -0.12804453900616974, 0.0, 0.0, 0.0, 1.0], "fov": 75.0, "aspect": 1.7777777777777777}, {"camera_to_world": [0.8230242776435402, -0.07085809721707856, -0.56356913370775, -0.580954706269339, -0.5680057372640578, -0.10141056511379684, -0.8167529490111529, -0.8287838437155779, 0.0007216955333721464, 0.9923180071640723, -0.12371116284912087, -0.12753772426386673, 0.0, 0.0, 0.0, 1.0], "fov": 75.0, "aspect": 1.7777777777777777}, {"camera_to_world": [0.8264404897693243, -0.06996468635246289, -0.5586600572203466, -0.5770102735307739, -0.5630233937153638, -0.10114676092588328, -0.8202280115208433, -0.830894084488669, 0.000880340317053474, 0.9924083209132235, -0.12298353378856239, -0.1270308681634642, 0.0, 0.0, 0.0, 1.0], "fov": 75.0, "aspect": 1.7777777777777777}, {"camera_to_world": [0.8297911414103546, -0.06908069262553626, -0.5537820144635226, -0.5730658516293713, -0.5580731128118114, -0.10088204235013387, -0.823636579012735, -0.83300326888945, 0.0010307247140755038, 0.9924971896371507, -0.1222631022382543, -0.12652396036543734, 0.0, 0.0, 0.0, 1.0], "fov": 75.0, "aspect": 1.7777777777777777}, {"camera_to_world": [0.8330774998268866, -0.06820600682029812, -0.5489351691373154, -0.569121442732563, -0.553155044443272, -0.1006164919936286, -0.8269799382970895, -0.8351111856434589, 0.0011730682612151044, 0.9925846372841591, -0.12154983232538419, -0.12601699053026122, 0.0, 0.0, 0.0, 1.0], "fov": 75.0, "aspect": 1.7777777777777777}, {"camera_to_world": [0.8363008151839413, -0.06734051999229226, -0.5441196567758262, -0.565177049007782, -0.5482693104112071, -0.10035018809750991, -0.8302593588813159, -0.8372176234762335, 0.0013075870505283027, 0.9926706876482059, -0.12084368456871557, -0.125509948318411, 0.0, 0.0, 0.0, 1.0], "fov": 75.0, "aspect": 1.7777777777777777}, {"camera_to_world": [0.8394623205100895, -0.06648412351570657, -0.5393355854791747, -0.5612326726224603, -0.5434160051668395, -0.10008320461185262, -0.833476092928367, -0.839322371113312, 0.00143449375367255, 0.9927553643647414, -0.12014461599547589, -0.1250028233903618, 0.0, 0.0, 0.0, 1.0], "fov": 75.0, "aspect": 1.7777777777777777}, {"camera_to_world": [0.8425632316699525, -0.06563670912808922, -0.5345830366301578, -0.5572883157440307, -0.5385951965337206, -0.0998156112698059, -0.836631375229042, -0.8414252172802321, 0.001553997647633698, 0.9928386909068712, -0.11945258025526927, -0.12449560540658877, 0.0, 0.0, 0.0, 1.0], "fov": 75.0, "aspect": 1.7777777777777777}, {"camera_to_world": [0.8456047473497297, -0.0647981689727612, -0.5298620655957336, -0.5533439805399254, -0.5338069264148235, -0.0995474736609631, -0.839726423187504, -0.843525950702532, 0.0016663046417614846, 0.9929206905818296, -0.1187675277310406, -0.12398828402756701, 0.0, 0.0, 0.0, 1.0], "fov": 75.0, "aspect": 1.7777777777777777}, {"camera_to_world": [0.8485880490550886, -0.06396839563900919, -0.5251727024134535, -0.5493996691775769, -0.5290512114842945, -0.09927885330395131, -0.8427624368193285, -0.8456243601057496, 0.0017716173060092766, 0.9930013865277447, -0.11808940564715081, -0.12348084891377165, 0.0, 0.0, 0.0, 1.0], "fov": 75.0, "aspect": 1.7777777777777777}, {"camera_to_world": [0.8515143011207694, -0.06314728220013857, -0.5205149524629851, -0.5454553838244175, -0.524328043864013, -0.09900980771820966, -0.8457405987614293, -0.8477202342154229, 0.0018701349002889223, 0.9930808017106862, -0.11741815817460052, -0.12297328972567781, 0.0, 0.0, 0.0, 1.0], "fov": 75.0, "aspect": 1.7777777777777777}, {"camera_to_world": [0.854384650731274, -0.06233472224946565, -0.5158887971228693, -0.5415111266478799, -0.5196373917851135, -0.09874039049493294, -0.8486620742932208, -0.8498133617570899, 0.001962053404849895, 0.9931589589219793, -0.11675372653344467, -0.12246559612376062, 0.0, 0.0, 0.0, 1.0], "fov": 75.0, "aspect": 1.7777777777777777}, {"camera_to_world": [0.8572002279520291, -0.06153060993432516, -0.5112941944126682, -0.5375668998153964, -0.5149792002346322, -0.09847065136717388, -0.8515280113684008, -0.8519035314562883, 0.002047565551590913, 0.9932358807757776, -0.11609604909245413, -0.12195775776849523, 0.0, 0.0, 0.0, 1.0], "fov": 75.0, "aspect": 1.7777777777777777}, {"camera_to_world": [0.859962145770434, -0.06073483998817317, -0.5067310796206621, -0.5336227054943994, -0.5103533915874461, -0.09820063627907386, -0.8543395406567438, -0.8539905320385565, 0.002126860856225765, 0.9933115897068734, -0.11544506146605933, -0.12144976432035674, 0.0, 0.0, 0.0, 1.0], "fov": 75.0, "aspect": 1.7777777777777777}, {"camera_to_world": [0.8626715001462123, -0.05994730776085455, -0.502199365917271, -0.5296785458523214, -0.5057598662236877, -0.09793038745421603, -0.8570977755953308, -0.8560741522294322, 0.0022001256512170775, 0.9933861079687454, -0.11480069660862838, -0.12094160543982031, 0.0, 0.0, 0.0, 1.0], "fov": 75.0, "aspect": 1.7777777777777777}, {"camera_to_world": [0.8653293700705165, -0.05916790924711349, -0.4976989449543655, -0.5257344230565948, -0.5011985031318079, -0.09765994346308629, -0.8598038124486437, -0.8581541807544534, 0.0022675431194026374, 0.9934594576318213, -0.11416288490612667, -0.12043327078736106, 0.0, 0.0, 0.0, 1.0], "fov": 75.0, "aspect": 1.7777777777777777}, {"camera_to_world": [0.8679368176332404, -0.05839654111341569, -0.49322968745065654, -0.521790339274652, -0.4966691604974827, -0.0973893392896252, -0.8624587303769706, -0.8602304063391581, 0.002329293328235227, 0.9935316605819462, -0.1135315542651981, -0.11992475002345408, 0.0, 0.0, 0.0, 1.0], "fov": 75.0, "aspect": 1.7777777777777777}, {"camera_to_world": [0.8704948880980178, -0.0576331007231535, -0.48879144376334405, -0.5178462966739256, -0.4921716762785536, -0.09711860639687198, -0.8650635915126055, -0.8623026177090842, 0.002385553264567908, 0.9936027385190542, -0.1129066301997257, -0.11941603280857453, 0.0, 0.0, 0.0, 1.0], "fov": 75.0, "aspect": 1.7777777777777777}, {"camera_to_world": [0.8730046099843976, -0.056877486160305385, -0.48438404444621636, -0.5139022974218478, -0.4877058687661988, -0.0968477727916783, -0.8676194410433061, -0.86437060358977, 0.002436496869911209, 0.9936727129560196, -0.11228803591490585, -0.11890710880319752, 0.0, 0.0, 0.0, 1.0], "fov": 75.0, "aspect": 1.7777777777777777}, {"camera_to_world": [0.8754669951567058, -0.05612959625161276, -0.4800073007943937, -0.5099583436858512, -0.4832715371325357, -0.09657686308849525, -0.8701273073025245, -0.8664341527067532, 0.0024822950760953755, 0.9937416052176827, -0.11167569238889101, -0.11839796766779823, 0.0, 0.0, 0.0, 1.0], "fov": 75.0, "aspect": 1.7777777777777777}, {"camera_to_world": [0.8778830389191149, -0.05538933058734463, -0.47566100537591427, -0.5060144376333683, -0.47886846196486066, -0.0963058985722238, -0.8725882018659232, -0.8684930537855715, 0.0025231158412733767, 0.9938094364400463, -0.1110695184520448, -0.11788859906285172, 0.0, 0.0, 0.0, 1.0], "fov": 75.0, "aspect": 1.7777777777777777}, {"camera_to_world": [0.8802537201164626, -0.05465658954071537, -0.4713449325503627, -0.5020705814318311, -0.4744964057867328, -0.09603489726012565, -0.8750031196537014, -0.8705470955517635, 0.0025591241862029934, 0.993876227569618, -0.11046943086385809, -0.11737899264883314, 0.0, 0.0, 0.0, 1.0], "fov": 75.0, "aspect": 1.7777777777777777}, {"camera_to_world": [0.8825800012403691, -0.05393127428601399, -0.46705883897474515, -0.49812677724867277, -0.4701551135661106, -0.09576387396278607, -0.877373039038286, -0.8725960667308665, 0.0025904822307448727, 0.9939419993629038, -0.10987534438756429, -0.11686913808621761, 0.0, 0.0, 0.0, 1.0], "fov": 75.0, "aspect": 1.7777777777777777}, {"camera_to_world": [0.8848628285402219, -0.05321328681551396, -0.4628024640968191, -0.4941830272513251, -0.46584431321075837, -0.09549284034413558, -0.8796989219569422, -0.8746397560484193, 0.002617349230523147, 0.9940067723860333, -0.10928717186251186, -0.1163590250354803, 0.0, 0.0, 0.0, 1.0], "fov": 75.0, "aspect": 1.7777777777777777}, {"camera_to_world": [0.8871031321386138, -0.05250252995521995, -0.45857553063608014, -0.49023933360722083, -0.46156371605112867, -0.0952218049805207, -0.8819817140288823, -0.876677952229959, 0.0026398816136901093, 0.9940705670145119, -0.1087048242743292, -0.11584864315709628, 0.0, 0.0, 0.0, 1.0], "fov": 75.0, "aspect": 1.7777777777777777}, {"camera_to_world": [0.8893018261508191, -0.05179890737951259, -0.4543777450526236, -0.4862956984837924, -0.45731301731094615, -0.09495077341882828, -0.8842223446764533, -0.878710444001024, 0.002658233017741346, 0.9941334034330881, -0.1081282108229318, -0.11533798211154074, 0.0, 0.0, 0.0, 1.0], "fov": 75.0, "aspect": 1.7777777777777777}, {"camera_to_world": [0.8914598088079285, -0.05110232362474981, -0.45020879800408486, -0.48235212404847205, -0.45309189656570154, -0.0946797482336609, -0.8864217272500186, -0.8807370200871523, 0.0026725543263343143, 0.994195301635731, -0.1075572389884143, -0.11482703155928875, 0.0, 0.0, 0.0, 1.0], "fov": 75.0, "aspect": 1.7777777777777777}, {"camera_to_world": [0.8935779625832524, -0.05041268410188263, -0.4460683647908775, -0.47840861246869243, -0.44890001818928105, -0.09440872908357065, -0.8885807591561319, -0.8827574692138818, 0.0026829937060557363, 0.9942562814257039, -0.10699181459487687, -0.11431578116081545, 0.0, 0.0, 0.0, 1.0], "fov": 75.0, "aspect": 1.7777777777777777}, {"camera_to_world": [0.8956571543216353, -0.04972989510813797, -0.4419561057899347, -0.4744651659118858, -0.4447370317889421, -0.09413771276634866, -0.8907003219886482, -0.8847715801067505, 0.0026896966430933478, 0.9943163624157323, -0.10643184187222404, -0.11380422057659598, 0.0, 0.0, 0.0, 1.0], "fov": 75.0, "aspect": 1.7777777777777777}, {"camera_to_world": [0.8976982353713218, -0.04905386383782723, -0.43787166687717405, -0.47052178654548477, -0.4406025726288605, -0.09386669327336941, -0.8927812816623975, -0.8867791414912963, 0.0026928059797694526, 0.9943755640282514, -0.10587722351597734, -0.11329233946710549, 0.0, 0.0, 0.0, 1.0], "fov": 75.0, "aspect": 1.7777777777777777}, {"camera_to_world": [0.8997020417180329, -0.048384498392331304, -0.4338146798388979, -0.46657847653692164, -0.43649626204246694, -0.09359566184300974, -0.8948244885490801, -0.8887799420930573, 0.0026924619508866543, 0.9944339054957305, -0.10532786074515885, -0.11278012749281904, 0.0, 0.0, 0.0, 1.0], "fov": 75.0, "aspect": 1.7777777777777777}, {"camera_to_world": [0.901669394120924, -0.04772170778931456, -0.4297847627723406, -0.46263523805362894, -0.4324177078337893, -0.09332460701312678, -0.8968307776150511, -0.8907737706375715, 0.0026888022198506834, 0.9944914058610647, -0.10478365335826867, -0.11226757431421183, 0.0, 0.0, 0.0, 1.0], "fov": 75.0, "aspect": 1.7777777777777777}, {"camera_to_world": [0.9036010982501027, -0.04706540197122014, -0.4257815204755788, -0.458692073263039, -0.4283665046680206, -0.0930535146726187, -0.8988009685606572, -0.8927604158503766, 0.002681961914525216, 0.9945480839780249, -0.10424449978741726, -0.11175466959175898, 0.0, 0.0, 0.0, 1.0], "fov": 75.0, "aspect": 1.7777777777777777}, {"camera_to_world": [0.905497944825398, -0.046415491813093956, -0.42180454482701923, -0.45474898433258437, -0.42434223445153435, -0.09278236811205838, -0.900735865960825, -0.8947396664570106, 0.0026720736627849906, 0.994603958511762, -0.10371029715063759, -0.11124140298593557, 0.0, 0.0, 0.0, 1.0], "fov": 75.0, "aspect": 1.7777777777777777}, {"camera_to_world": [0.9073607097560853, -0.04577188912978736, -0.4178534151546731, -0.45080597342969747, -0.42034446670155806, -0.0925111480734182, -0.9026362594065902, -0.8967113111830118, 0.00265926762772703, 0.9946590479393573, -0.10318094130243036, -0.11072776415721675, 0.0, 0.0, 0.0, 1.0], "fov": 75.0, "aspect": 1.7777777777777777}, {"camera_to_world": [0.9091901542812755, -0.045134506682587644, -0.4139276985954311, -0.44686304272181065, -0.4163727589057261, -0.09223983279888862, -0.9045029236472746, -0.8986751387539179, 0.002643671542506665, 0.9947133705504076, -0.10265632688257854, -0.11021374276607765, 0.0, 0.0, 0.0, 1.0], "fov": 75.0, "aspect": 1.7777777777777777}, {"camera_to_world": [0.9109870251106927, -0.044503258185318306, -0.4100269504445543, -0.44292019437635644, -0.4124266568717296, -0.09196839807879467, -0.906336618733034, -0.9006309378952672, 0.0026254107447655772, 0.9947669444476486, -0.10213634736326735, -0.1096993284729934, 0.0, 0.0, 0.0, 1.0], "fov": 75.0, "aspect": 1.7777777777777777}, {"camera_to_world": [0.9127520545655743, -0.04387805830995897, -0.40615071449558077, -0.43897743056076716, -0.4085056950672684, -0.09169681729862736, -0.9081380901574991, -0.9025784973325972, 0.0026046082106173096, 0.994819787547599, -0.10162089509455816, -0.1091845109384391, 0.0, 0.0, 0.0, 1.0], "fov": 75.0, "aspect": 1.7777777777777777}, {"camera_to_world": [0.9144859607194281, -0.043258822691826626, -0.40229852337086913, -0.43503475344247533, -0.40460939695053133, -0.0914250614851857, -0.9099080690002466, -0.9045176057914462, 0.0025813845881628994, 0.9948719175812268, -0.10110986134824276, -0.10866927982288994, 0.0, 0.0, 0.0, 1.0], "fov": 75.0, "aspect": 1.7777777777777777}, {"camera_to_world": [0.9161894475384049, -0.042645467934361164, -0.39846989884297634, -0.43109216518891336, -0.40073727529140335, -0.09115309935185274, -0.9116472720688489, -0.906448051997352, 0.0025558582305034994, 0.9949233520946281, -0.10060313636013013, -0.108153624786821, 0.0, 0.0, 0.0, 1.0], "fov": 75.0, "aspect": 1.7777777777777777}, {"camera_to_world": [0.9178632050210382, -0.04203791161355991, -0.3946643521470844, -0.42714966796751375, -0.3968888324836217, -0.09088089734300214, -0.9133564020402543, -0.9083696246758526, 0.0025281452282257255, 0.994974108449713, -0.1001006093707914, -0.10763753549070743, 0.0, 0.0, 0.0, 1.0], "fov": 75.0, "aspect": 1.7777777777777777}, {"camera_to_world": [0.9195079093371257, -0.04143607228209739, -0.3908813842846714, -0.42320726394570884, -0.3930635608480772, -0.09060841967755191, -0.9150361476012665, -0.9102821125524863, 0.0024983594413301446, 0.9950242038248966, -0.09960216866480617, -0.10712100159502431, 0.0, 0.0, 0.0, 1.0], "fov": 75.0, "aspect": 1.7777777777777777}, {"camera_to_world": [0.9211242229655195, -0.040839869473177, -0.3871204863186418, -0.4192649552909312, -0.38926094292748137, -0.0903356283916759, -0.9166871835878853, -0.9121853043527904, 0.002466612530577783, 0.995073655215781, -0.09910770160854854, -0.10660401276024685, 0.0, 0.0, 0.0, 1.0], "fov": 75.0, "aspect": 1.7777777777777777}, {"camera_to_world": [0.9227127948306197, -0.0402492237041468, -0.3833811396601041, -0.41532274417061316, -0.3854804517725896, -0.09006248338067581, -0.9183101711233006, -0.9140789888023036, 0.0024330139882323965, 0.9951224794358327, -0.09861709468654015, -0.1060865586468501, 0.0, 0.0, 0.0, 1.0], "fov": 75.0, "aspect": 1.7777777777777777}, {"camera_to_world": [0.9242742604373522, -0.03966405647992377, -0.3796628163470094, -0.4113806327521871, -0.38172155122019885, -0.0897889424400343, -0.9199057577543177, -0.9159629546265634, 0.0023976711681713836, 0.9951706931170441, -0.09813023353641676, -0.10556862891530923, 0.0, 0.0, 0.0, 1.0], "fov": 75.0, "aspect": 1.7777777777777777}, {"camera_to_world": [0.9258092420044384, -0.03908429029625818, -0.37596497931483597, -0.40743862320308555, -0.37798369616310656, -0.08951496130565201, -0.9214745775860147, -0.9178369905511079, 0.002360689315345915, 0.995218312710576, -0.09764700298253384, -0.10505021322609935, 0.0, 0.0, 0.0, 1.0], "fov": 75.0, "aspect": 1.7777777777777777}, {"camera_to_world": [0.9273183485957573, -0.03850984864287965, -0.3722870826595249, -0.40349671769074097, -0.3742663328122406, -0.08924049369328337, -0.9230172514144336, -0.9197008853014751, 0.0023221715945683508, 0.9952653544873754, -0.09716728706825062, -0.1045313012396956, 0.0, 0.0, 0.0, 1.0], "fov": 75.0, "aspect": 1.7777777777777777}, {"camera_to_world": [0.9288021762496159, -0.037940656006556356, -0.3686285718928602, -0.39955491838258583, -0.3705688989511561, -0.0889654913371829, -0.924534386857115, -0.921554427603203, 0.0022822191186059326, 0.995311834538767, -0.09669096908692598, -0.1040118826165731, 0.0, 0.0, 0.0, 1.0], "fov": 75.0, "aspect": 1.7777777777777777}, {"camera_to_world": [0.9302613081057488, -0.037376637874103724, -0.3649888841904767, -0.3956132274460523, -0.36689082418308566, -0.0886899040279709, -0.9260265784812907, -0.9233974061818294, 0.002240930975560995, 0.995357768777005, -0.09621793161165618, -0.10349194701720696, 0.0, 0.0, 0.0, 1.0], "fov": 75.0, "aspect": 1.7777777777777777}, {"camera_to_world": [0.9316963145298705, -0.03681772073537587, -0.3613674486327021, -0.39167164704857316, -0.3632315301707521, -0.08841367964972877, -0.9274944079295625, -0.9252296097628927, 0.002198404255521952, 0.9954031729357947, -0.09574805652378693, -0.10297148410207235, 0.0, 0.0, 0.0, 1.0], "fov": 75.0, "aspect": 1.7777777777777777}, {"camera_to_world": [0.9331077532356159, -0.03626383208627415, -0.35776368643840806, -0.3877301793575806, -0.3595904308691219, -0.08813676421634721, -0.9289384440428928, -0.9270508270719302, 0.002154734076463022, 0.9954480625707652, -0.09528122504024175, -0.10245048353164439, 0.0, 0.0, 0.0, 1.0], "fov": 75.0, "aspect": 1.7777777777777777}, {"camera_to_world": [0.9344961694037093, -0.03571490043180081, -0.3541770111920598, -0.3837888265405072, -0.355966932751291, -0.08785910190712273, -0.9303592429807486, -0.9288608468344804, 0.0021100136093796518, 0.9954924530599014, -0.0948173177396822, -0.10192893496639817, 0.0, 0.0, 0.0, 1.0], "fov": 75.0, "aspect": 1.7777777777777777}, {"camera_to_world": [0.9358620957982033, -0.03517085528919389, -0.3506068290641543, -0.3798475907647853, -0.352360435027696, -0.08758063510162228, -0.9317573483382298, -0.9306594577760812, 0.0020643341026423123, 0.9955363596039186, -0.09435621458753843, -0.10140682806680883, 0.0, 0.0, 0.0, 1.0], "fov": 75.0, "aspect": 1.7777777777777777}, {"camera_to_world": [0.9372060528796399, -0.03463162719117169, -0.3470525390252282, -0.3759064741978474, -0.34877032985883527, -0.08730130441383904, -0.9331332912600439, -0.9324464486222706, 0.0020177849055517116, 0.9955797972265881, -0.09389779495995113, -0.10088415249335152, 0.0, 0.0, 0.0, 1.0], "fov": 75.0, "aspect": 1.7777777777777777}, {"camera_to_world": [0.9385285489149917, -0.034097147689314905, -0.3435135330536091, -0.37196547900712595, -0.34519600256167426, -0.08702104872562896, -0.9344875905511706, -0.9342216080985862, 0.0019704534910842397, 0.9956227807750005, -0.09344193766663188, -0.10036089790650134, 0.0, 0.0, 0.0, 1.0], "fov": 75.0, "aspect": 1.7777777777777777}, {"camera_to_world": [0.9398300800842452, -0.0335673493576181, -0.3399891963370968, -0.36802460736005327, -0.3416368318099259, -0.0867398052194648, -0.9358207527840819, -0.9359847249305663, 0.0019224254778103245, 0.995665324919771, -0.09298852097269503, -0.09983705396673345, 0.0, 0.0, 0.0, 1.0], "fov": 75.0, "aspect": 1.7777777777777777}, {"camera_to_world": [0.9411111305834869, -0.03304216579623745, -0.336478907468752, -0.3640838614240619, -0.33809218982838507, -0.08645750941050218, -0.9371332724023733, -0.937735587843749, 0.0018737846509747358, 0.9957074441551732, -0.09253742261947268, -0.09931261033452296, 0.0, 0.0, 0.0, 1.0], "fov": 75.0, "aspect": 1.7777777777777777}, {"camera_to_world": [0.9423721727243733, -0.0325215316354619, -0.3329820386369624, -0.3601432433665843, -0.3345614425814893, -0.08617409517797951, -0.9384256318206836, -0.9394739855636718, 0.0018246129827254043, 0.9957491527992077, -0.09208851984434915, -0.09878755667034497, 0.0, 0.0, 0.0, 1.0], "fov": 75.0, "aspect": 1.7777777777777777}, {"camera_to_world": [0.9436136670298532, -0.03200538253993643, -0.3294979558099653, -0.35620275535505286, -0.33104394995628705, -0.08588949479596844, -0.9396983015207768, -0.9411997068158732, 0.0017749906514787916, 0.9957904649935979, -0.09164168939964781, -0.09826188263467467, 0.0, 0.0, 0.0, 1.0], "fov": 75.0, "aspect": 1.7777777777777777}, {"camera_to_world": [0.9448360623260299, -0.03149365521316025, -0.32602601891498945, -0.3522623995569, -0.32753906593997917, -0.08560363896347631, -0.9409517401436576, -0.9429125403258908, 0.0017249960604093229, 0.9958313947037047, -0.09119680757058433, -0.09773557788798715, 0.0, 0.0, 0.0, 1.0], "fov": 75.0, "aspect": 1.7777777777777777}, {"camera_to_world": [0.9460397958300444, -0.03098628740228926, -0.322565582012202, -0.3483221781395581, -0.32404613879222033, -0.08531645683392602, -0.942186394577611, -0.9446122748192627, 0.0016747058550543037, 0.9958719557183682, -0.09075375019232802, -0.09720863209075752, 0.0, 0.0, 0.0, 1.0], "fov": 75.0, "aspect": 1.7777777777777777}, {"camera_to_world": [0.9472252932338717, -0.030483217903264137, -0.31911599346361175, -0.3443820932704597, -0.3205645112123339, -0.08502787604401867, -0.9434027000420556, -0.9462986990215269, 0.0016241949400219169, 0.9959121616496635, -0.09031239266618782, -0.09668103490346093, 0.0, 0.0, 0.0, 1.0], "fov": 75.0, "aspect": 1.7777777777777777}, {"camera_to_world": [0.948392968783925, -0.029984386566291432, -0.31567659609710763, -0.34044214711703724, -0.3170935205016223, -0.08473782274199781, -0.9446010801670902, -0.9479716016582215, 0.0015735364947926378, 0.9959520259325695, -0.08987260997495622, -0.0961527759865725, 0.0, 0.0, 0.0, 1.0], "fov": 75.0, "aspect": 1.7777777777777777}, {"camera_to_world": [0.9495432253563632, -0.029489734301699377, -0.3122467273657968, -0.3365023418467231, -0.313632498720937, -0.08444622161532701, -0.9457819470686448, -0.9496307714548842, 0.0015228019886056043, 0.9959915618245521, -0.08943427669743435, -0.09562384500056738, 0.0, 0.0, 0.0, 1.0], "fov": 75.0, "aspect": 1.7777777777777777}, {"camera_to_world": [0.9506764545280112, -0.0289992030861895, -0.3088257195027905, -0.33256267962694974, -0.31018077284365997, -0.08415299591779471, -0.9469457014191307, -0.951275997137053, 0.0014720611944191997, 0.9960307824050547, -0.08899726702216379, -0.09509423160592068, 0.0, 0.0, 0.0, 1.0], "fov": 75.0, "aspect": 1.7777777777777777}, {"camera_to_world": [0.9517930366427879, -0.02851273596951237, -0.30541289967163066, -0.3286231626251496, -0.3067376649042903, -0.08385806749606217, -0.9480927325134867, -0.9529070674302659, 0.0014213822019389921, 0.9960697005748942, -0.08856145476039369, -0.09456392546310752, 0.0, 0.0, 0.0, 1.0], "fov": 75.0, "aspect": 1.7777777777777777}, {"camera_to_world": [0.9528933408735605, -0.02803027708158326, -0.3020075901124908, -0.32468379300875505, -0.3033024921427714, -0.08356135681566283, -0.949223418330537, -0.9545237710600611, 0.0013708314297043167, 0.9961083290555577, -0.08812671335830125, -0.09403291623260303, 0.0, 0.0, 0.0, 1.0], "fov": 75.0, "aspect": 1.7777777777777777}, {"camera_to_world": [0.9539777252793366, -0.02755177164006134, -0.29860910828431986, -0.32074457294519865, -0.2998745671447293, -0.08326278298648185, -0.9503381255895752, -0.9561258967519765, 0.0013204736362237013, 0.9961466803884055, -0.08769291590850481, -0.09350119357488235, 0.0, 0.0, 0.0, 1.0], "fov": 75.0, "aspect": 1.7777777777777777}, {"camera_to_world": [0.9550465368577064, -0.027077165958414445, -0.2952167670030993, -0.3168055046019128, -0.29645319797779346, -0.08296226378771177, -0.9514372098020751, -0.9577132332315499, 0.0012703719301550565, 0.9961847669337647, -0.08725993516087703, -0.09296874715042061, 0.0, 0.0, 0.0, 1.0], "fov": 75.0, "aspect": 1.7777777777777777}, {"camera_to_world": [0.9561001115924606, -0.026606407454487058, -0.29182987457635357, -0.3128665901463298, -0.2930376883241419, -0.0826597156923113, -0.95252101531846, -0.9592855692243193, 0.0012205877795204712, 0.9962226008699224, -0.08682764353269301, -0.0924355666196929, 0.0, 0.0, 0.0, 1.0], "fov": 75.0, "aspect": 1.7777777777777777}, {"camera_to_world": [0.9571387744963032, -0.026139444659592836, -0.28844773493408293, -0.30892783174588223, -0.2896273376094415, -0.08235505389098188, -0.9535898753698469, -0.9608426934558226, 0.001171181019950035, 0.99626019419201, -0.0863959131181386, -0.09190164164317441, 0.0, 0.0, 0.0, 1.0], "fov": 75.0, "aspect": 1.7777777777777777}, {"camera_to_world": [0.9581628396485866, -0.025676227228150855, -0.2850696477562723, -0.30498923156800256, -0.2862214411283378, -0.08204819231567317, -0.9546441121046881, -0.9623843946515981, 0.001122209861948581, 0.9962975587107795, -0.08596461569719878, -0.09136696188134022, 0.0, 0.0, 0.0, 1.0], "fov": 75.0, "aspect": 1.7777777777777777}, {"camera_to_world": [0.9591726102279985, -0.025216705947883528, -0.2816949085971313, -0.30105079178012306, -0.2828192901666515, -0.08173904366263113, -0.9556840366202368, -0.9639104615371835, 0.0010737308971770776, 0.9963347060512631, -0.08553362274394782, -0.09083151699466545, 0.0, 0.0, 0.0, 1.0], "fov": 75.0, "aspect": 1.7777777777777777}, {"camera_to_world": [0.9601683785401319, -0.024760832750594236, -0.27832280900621686, -0.2971125145496763, -0.2794201721204336, -0.08142751941501458, -0.9567099489887753, -0.9654206828381169, 0.0010257991037455894, 0.9963716476513244, -0.08510280543427598, -0.09029529664362526, 0.0, 0.0, 0.0, 1.0], "fov": 75.0, "aspect": 1.7777777777777777}, {"camera_to_world": [0.9611504260398754, -0.024308560723542677, -0.2749526366465973, -0.2931744020440947, -0.27602337061203974, -0.08111352986508037, -0.9577221382785275, -0.9669148472799363, 0.0009784678505082856, 0.9964083947600884, -0.08467203465305984, -0.0897582904886948, 0.0, 0.0, 0.0, 1.0], "fov": 75.0, "aspect": 1.7777777777777777}, {"camera_to_world": [0.9621190233485569, -0.02385984412143663, -0.2715836754102128, -0.2892364564308106, -0.27262816560338043, -0.08079698413597342, -0.9587208825692006, -0.9683927435881794, 0.0009317889003589708, 0.996444958436256, -0.08424118100082145, -0.08922048819034911, 0.0, 0.0, 0.0, 1.0], "fov": 75.0, "aspect": 1.7777777777777777}, {"camera_to_world": [0.9630744302657849, -0.023414638379054192, -0.2682152055305814, -0.28529867987725654, -0.2692338335064962, -0.08047779020311221, -0.9597064489620879, -0.9698541604883844, 0.0008858124125188382, 0.9964813495462936, -0.08381011479987276, -0.08868187940906341, 0.0, 0.0, 0.0, 1.0], "fov": 75.0, "aspect": 1.7777777777777777}, {"camera_to_world": [0.9640168957759303, -0.022972900124513404, -0.26484650369300367, -0.2813610745508649, -0.2658396472916126, -0.0801558549152104, -0.9606790935846801, -0.9712988867060893, 0.0008405869438117552, 0.9965175787625027, -0.08337870609999307, -0.08814245380531278, 0.0, 0.0, 0.0, 1.0], "fov": 75.0, "aspect": 1.7777777777777777}, {"camera_to_world": [0.9649466580491913, -0.022534587193209055, -0.2614768431424255, -0.2774236426190681, -0.26244487659283583, -0.07983108401494532, -0.9616390615897263, -0.972726710966832, 0.0007961594489237223, 0.9965536565609652, -0.08294682468365795, -0.08760220103957235, 0.0, 0.0, 0.0, 1.0], "fov": 75.0, "aspect": 1.7777777777777777}, {"camera_to_world": [0.9658639444371915, -0.022099658642424108, -0.2581054937891059, -0.2734863862492988, -0.25904878781163665, -0.07950338215927102, -0.9625865871486879, -0.9741374219961504, 0.0007525752796394003, 0.9965895932193579, -0.08251434007082188, -0.08706111077231726, 0.0, 0.0, 0.0, 1.0], "fov": 75.0, "aspect": 1.7777777777777777}, {"camera_to_world": [0.966768971463061, -0.021668074766640205, -0.2547317223122445, -0.2695493076089891, -0.25565064421827766, -0.07917265293942366, -0.9635218934395383, -0.9755308085195826, 0.0007098781830536527, 0.9966253988146402, -0.08208112152330987, -0.08651917266402262, 0.0, 0.0, 0.0, 1.0], "fov": 75.0, "aspect": 1.7777777777777777}, {"camera_to_world": [0.9676619448059536, -0.02123979711355392, -0.2513547922617244, -0.2656124088655715, -0.25224970605134167, -0.07883879890061883, -0.9644451926288604, -0.9769066592626666, 0.0006681102987505239, 0.9966610832206118, -0.08164703804882242, -0.08597637637516357, 0.0, 0.0, 0.0, 1.0], "fov": 75.0, "aspect": 1.7777777777777777}, {"camera_to_world": [0.9685430592799528, -0.02081478850081818, -0.24797396415812734, -0.26167569218647874, -0.24884523061551783, -0.07850172156145455, -0.9653566858481881, -0.9782647629509402, 0.000627312154949336, 0.9966966561053336, -0.08121195840457354, -0.08543271156621526, 0.0, 0.0, 0.0, 1.0], "fov": 75.0, "aspect": 1.7777777777777777}, {"camera_to_world": [0.9694124988073285, -0.02039301303351873, -0.2445884955911586, -0.25773915973914285, -0.24543647237778501, -0.0781613214330589, -0.9662565631645599, -0.9796049083099415, 0.0005875226636090636, 0.9967321269284206, -0.08077575110060546, -0.08488816789765277, 0.0, 0.0, 0.0, 1.0], "fov": 75.0, "aspect": 1.7777777777777777}, {"camera_to_world": [0.9702704363860977, -0.019974436122403072, -0.24119764131666688, -0.25380281369099655, -0.24202268306217695, -0.07781749803797518, -0.967145003545226, -0.9809268840652086, 0.0005487791144914711, 0.9967675049381888, -0.08033828440277854, -0.08434273502995127, 0.0, 0.0, 0.0, 1.0], "fov": 75.0, "aspect": 1.7777777777777777}, {"camera_to_world": [0.9711170340518567, -0.019559024502870684, -0.23780065335238476, -0.2498666562094721, -0.23860311174325738, -0.07747014992882484, -0.9680221748164864, -0.9822304789422791, 0.0005111171681761034, 0.9968027991686729, -0.0798994263354806, -0.08379640262358586, 0.0, 0.0, 0.0, 1.0], "fov": 75.0, "aspect": 1.7777777777777777}, {"camera_to_world": [0.9719524428338446, -0.019146746254740374, -0.23439678107256198, -0.24593068946200208, -0.23517700493847643, -0.07711917470675864, -0.9688882336166111, -0.9835154816666913, 0.00047457084802418614, 0.9968380184364989, -0.07945904468407095, -0.08324916033903167, 0.0, 0.0, 0.0, 1.0], "fov": 75.0, "aspect": 1.7777777777777777}, {"camera_to_world": [0.9727768027052056, -0.01873757082280525, -0.23098527130165236, -0.24199491561601888, -0.23174360669957117, -0.07676446903971139, -0.9697433253428069, -0.9847816809639831, 0.0004391725310884387, 0.9968731713376136, -0.07901700699707873, -0.08270099783676385, 0.0, 0.0, 0.0, 1.0], "fov": 75.0, "aspect": 1.7777777777777777}, {"camera_to_world": [0.9735902425274193, -0.01833146903818668, -0.22756536840719588, -0.23805933683895497, -0.22830215870315113, -0.07640592868049399, -0.9705875840922098, -0.9860288655596923, 0.00040495293796422027